4 3 5 6 2 9 7 1 8 
8 7 6 3 4 1 9 2 5 
2 9 1 5 8 7 4 6 3 
9 1 4 2 6 5 3 8 7 
5 2 3 4 7 8 1 9 6 
7 6 8 9 1 3 2 5 4 
6 5 2 1 3 4 8 7 9 
1 4 7 8 9 6 5 3 2 
3 8 9 7 5 2 6 4 1 


4 3 5 6 2 9 7 1 8 
8 7 6 5 4 1 9 2 3 
2 9 1 3 8 7 4 6 5 
9 1 4 2 6 5 3 8 7 
5 2 3 4 7 8 1 9 6 
7 6 8 9 1 3 2 5 4 
6 5 2 1 3 4 8 7 9 
1 4 7 8 9 6 5 3 2 
3 8 9 7 5 2 6 4 1 


4 9 5 6 2 3 7 1 8 
8 7 6 5 4 1 9 2 3 
2 3 1 9 8 7 4 6 5 
9 1 4 2 6 5 3 8 7 
5 2 3 4 7 8 1 9 6 
7 6 8 3 1 9 2 5 4 
6 5 2 1 3 4 8 7 9 
1 4 7 8 9 6 5 3 2 
3 8 9 7 5 2 6 4 1 


